0 3.340000 1.600000 4073.000000 0.191000
Expert4 
| Average rew | +- | SO abundance | +- | Aba density | +- | Aba100mm | +- 
363.767 183.912 3245.564 627.958  0.083  0.046  0.025  0.014
484.935 212.852 3209.638 661.627  0.117  0.058  0.036  0.018
29.660  5.610 3304.095 611.270  0.009  0.001  0.002  0.000
49.146 26.992 3280.838 632.040  0.011  0.003  0.003  0.001
300.634 193.728 3280.202 634.087  0.064  0.047  0.020  0.014
142.160 114.510 3242.352 621.371  0.027  0.021  0.008  0.006
44.730 26.289 3197.427 647.362  0.010  0.002  0.003  0.001
29.196  6.204 3213.907 633.250  0.009  0.001  0.002  0.000