0 3.340000 1.600000 4073.000000 0.191000
Expert2 
| Average rew | +- | SO abundance | +- | Aba density | +- | Aba100mm | +- 
1886.317 239.337 2495.817 393.152  0.627  0.122  0.185  0.035
2007.915 244.250 2479.916 364.216  0.747  0.114  0.227  0.033
1459.521 250.676 2478.594 356.584  0.372  0.149  0.107  0.044
1792.766 243.637 2505.019 359.381  0.580  0.131  0.171  0.040
2026.201 276.808 2514.349 367.793  0.785  0.128  0.239  0.041
1982.449 232.401 2485.474 371.622  0.688  0.122  0.208  0.037
1669.667 218.008 2498.076 367.105  0.499  0.122  0.144  0.036
872.216 206.380 2486.265 375.185  0.163  0.081  0.043  0.021