0 3.340000 1.600000 4073.000000 0.191000
Expert1 
| Average rew | +- | SO abundance | +- | Aba density | +- | Aba100mm | +- 
2363.347 297.115 3199.472 679.024  0.695  0.101  0.205  0.030
2744.860 369.505 3235.592 632.220  0.841  0.105  0.252  0.030
1607.214 332.735 3213.583 677.802  0.343  0.165  0.094  0.048
2216.606 298.531 3207.072 641.432  0.631  0.126  0.183  0.037
2861.022 409.393 3231.455 618.800  0.903  0.107  0.275  0.033
2658.450 333.086 3275.975 595.256  0.799  0.118  0.240  0.035
1965.275 265.204 3251.737 626.468  0.515  0.130  0.147  0.037
744.551 240.830 3239.469 640.814  0.106  0.075  0.027  0.019