0 3.340000 1.600000 4073.000000 0.191000
Expert3 
| Average rew | +- | SO abundance | +- | Aba density | +- | Aba100mm | +- 
2006.471 244.819 2607.859 364.726  0.635  0.118  0.188  0.034
2192.538 305.405 2604.118 365.366  0.767  0.114  0.232  0.034
1492.533 261.050 2606.204 357.105  0.351  0.137  0.100  0.042
1898.274 251.911 2573.051 382.498  0.574  0.135  0.169  0.040
2236.219 294.726 2548.004 401.762  0.797  0.130  0.245  0.039
2128.711 266.207 2610.495 356.365  0.705  0.128  0.212  0.038
1741.806 236.059 2589.307 383.442  0.492  0.114  0.143  0.034
845.815 213.585 2608.408 361.854  0.145  0.079  0.039  0.022