0 3.340000 1.600000 4073.000000 0.191000
VI 
| Average rew | +- | SO abundance | +- | Aba density | +- | Aba100mm | +- 
2331.002 308.327 3215.173 658.236  0.678  0.112  0.200  0.033
2712.669 364.277 3255.636 614.704  0.841  0.101  0.253  0.031
1605.535 337.415 2826.937 501.752  0.377  0.159  0.106  0.046
2215.110 299.512 3214.135 630.331  0.611  0.118  0.177  0.035
2852.799 437.615 3170.634 649.715  0.914  0.108  0.278  0.033
2585.271 372.039 3270.663 627.019  0.783  0.115  0.233  0.035
1954.221 265.452 3215.825 603.921  0.522  0.126  0.148  0.035
776.416 245.463 2633.905 382.326  0.116  0.078  0.031  0.021