0 3.340000 1.600000 4073.000000 0.191000 0.600000
SA_VI 
| Average rew | +- | SO abundance | +- | Aba density | +- | Aba100mm | +- 
2755.199 357.367 3233.453 627.210  0.792  0.105  0.203  0.027
2474.072 309.518 3217.316 647.881  0.674  0.106  0.168  0.027
1677.567 254.576 3164.825 623.267  0.385  0.108  0.090  0.026
676.276 162.123 2715.745 429.333  0.073  0.049  0.015  0.010
2913.786 379.625 3243.303 618.462  0.851  0.101  0.217  0.027
2616.055 354.924 3231.556 667.244  0.738  0.111  0.184  0.028
1921.178 246.929 3228.539 641.977  0.478  0.121  0.111  0.029
843.751 190.791 2734.621 447.363  0.112  0.062  0.023  0.013
3016.347 411.308 3240.857 602.515  0.898  0.105  0.229  0.026
2764.353 359.108 3217.829 645.149  0.795  0.111  0.199  0.028
2098.868 272.624 3285.581 616.412  0.531  0.120  0.123  0.029
1008.154 214.860 2702.699 482.780  0.173  0.084  0.036  0.018
2720.406 388.266 3230.173 623.841  0.845  0.105  0.216  0.027
2407.884 323.658 3226.360 624.187  0.718  0.113  0.178  0.028
1663.161 248.847 3248.187 612.341  0.409  0.108  0.094  0.026
663.008 163.268 2757.760 491.914  0.073  0.050  0.015  0.010
2806.878 420.330 3199.272 653.652  0.899  0.112  0.230  0.029
2604.804 349.316 3208.787 629.611  0.786  0.116  0.196  0.029
1862.817 255.415 3263.651 666.150  0.493  0.116  0.115  0.029
832.833 200.302 2717.411 459.405  0.120  0.072  0.025  0.015
2929.699 443.377 3251.107 623.240  0.962  0.110  0.245  0.028
2700.738 393.311 3248.021 628.936  0.837  0.117  0.210  0.029
2059.170 292.760 3281.147 617.585  0.562  0.126  0.130  0.030
990.810 200.702 2818.876 490.549  0.180  0.091  0.037  0.019
2683.349 368.095 3268.181 655.754  0.905  0.113  0.231  0.029
2368.092 345.372 3201.354 638.617  0.766  0.117  0.190  0.030
1650.984 241.852 3242.747 670.901  0.445  0.119  0.103  0.029
659.671 155.527 2614.114 431.269  0.081  0.052  0.017  0.011
2789.486 398.035 3217.164 658.127  0.953  0.115  0.244  0.029
2537.876 349.442 3218.857 638.871  0.835  0.120  0.208  0.030
1831.863 243.868 3260.861 616.825  0.518  0.126  0.120  0.030
809.407 183.987 2731.067 469.502  0.124  0.071  0.026  0.015
2861.651 433.714 3221.284 625.527  1.021  0.121  0.261  0.031
2703.238 365.086 3228.691 653.514  0.887  0.122  0.221  0.031
2015.312 260.364 3231.472 652.183  0.588  0.134  0.137  0.032
975.284 208.372 2851.474 512.400  0.179  0.089  0.037  0.019