0 3.340000 1.600000 4073.000000 0.191000
SA_VI 
| Average rew | +- | SO abundance | +- | Aba density | +- | Aba100mm | +- 
2766.844 364.915 3212.941 658.853  0.793  0.093  0.203  0.024
2458.581 327.336 3221.137 646.537  0.678  0.112  0.169  0.028
1707.544 234.674 3181.964 613.150  0.394  0.099  0.091  0.024
743.287 164.231 2445.057 405.132  0.098  0.057  0.021  0.012
2879.690 390.260 3206.025 659.514  0.845  0.104  0.216  0.026
2629.903 335.005 3197.842 654.584  0.743  0.101  0.186  0.026
1917.770 257.629 3103.973 649.868  0.473  0.111  0.110  0.027
895.329 195.781 2599.076 442.492  0.139  0.071  0.029  0.015
2998.275 451.760 3210.627 651.371  0.898  0.103  0.229  0.027
2760.299 385.906 3251.381 646.629  0.788  0.113  0.197  0.029
2077.351 276.769 3227.771 638.775  0.523  0.119  0.121  0.029
1097.467 204.006 2506.737 422.708  0.216  0.088  0.046  0.019
2726.572 367.006 3279.076 629.641  0.859  0.101  0.219  0.026
2430.180 324.710 3237.227 665.119  0.719  0.113  0.178  0.029
1688.973 250.553 3147.762 619.073  0.429  0.117  0.100  0.028
722.712 168.896 2557.442 481.483  0.097  0.057  0.021  0.013
2863.648 394.780 3228.644 637.767  0.892  0.106  0.228  0.028
2556.605 369.582 3268.554 597.353  0.799  0.122  0.198  0.031
1898.413 258.936 3266.053 618.736  0.500  0.120  0.116  0.029
898.885 182.945 2510.764 431.151  0.158  0.075  0.033  0.016
2933.358 433.641 3215.752 658.445  0.961  0.107  0.245  0.028
2721.025 386.072 3220.248 674.551  0.836  0.119  0.208  0.030
2051.158 282.439 3179.682 678.627  0.566  0.134  0.132  0.033
1056.697 186.412 2610.577 436.376  0.221  0.092  0.046  0.019
2674.772 383.632 3242.714 645.767  0.882  0.112  0.224  0.029
2365.196 336.878 3188.846 646.841  0.766  0.117  0.190  0.030
1659.198 254.016 3092.933 629.641  0.447  0.122  0.104  0.029
703.330 162.901 2550.851 400.461  0.105  0.066  0.022  0.014
2785.892 411.096 3266.261 625.241  0.958  0.112  0.244  0.028
2532.888 349.461 3243.074 613.131  0.837  0.125  0.207  0.031
1848.584 266.410 3182.194 662.109  0.523  0.122  0.121  0.029
877.585 172.227 2448.173 437.483  0.176  0.082  0.038  0.018
2900.275 419.164 3245.067 606.187  1.011  0.118  0.258  0.030
2679.924 372.988 3235.069 602.744  0.894  0.118  0.222  0.031
2040.509 256.984 3217.882 647.295  0.583  0.133  0.136  0.033
1036.393 183.278 2574.027 477.068  0.233  0.098  0.049  0.021