0 3.340000 1.600000 4073.000000 0.191000
Expert1 
| Average rew | +- | SO abundance | +- | Aba density | +- | Aba100mm | +- 
2317.717 286.010 3199.472 679.024  0.681  0.101  0.166  0.025
2718.980 361.786 3235.592 632.220  0.834  0.105  0.209  0.025
1499.582 327.493 3213.583 677.802  0.293  0.161  0.064  0.038
2148.853 288.728 3207.072 641.432  0.610  0.127  0.145  0.031
2834.769 401.260 3231.455 618.800  0.898  0.107  0.230  0.028
2617.689 324.764 3275.975 595.256  0.788  0.118  0.197  0.030
1888.582 259.359 3251.737 626.468  0.491  0.130  0.114  0.031
762.511 194.504 3239.469 640.814  0.088  0.064  0.017  0.013