0 3.340000 1.600000 4073.000000 0.191000
Expert4 
| Average rew | +- | SO abundance | +- | Aba density | +- | Aba100mm | +- 
477.771 169.460 3245.564 627.958  0.093  0.046  0.024  0.012
590.336 201.292 3209.638 661.627  0.128  0.058  0.033  0.015
101.566 40.813 3304.095 611.270  0.009  0.001  0.002  0.000
208.606 102.286 3280.838 632.040  0.013  0.007  0.003  0.002
494.690 202.483 3280.202 634.087  0.086  0.052  0.022  0.013
366.624 159.032 3242.352 621.371  0.045  0.032  0.011  0.008
177.484 75.205 3197.427 647.362  0.011  0.003  0.002  0.001
86.598 28.089 3213.907 633.250  0.009  0.001  0.002  0.000