0 3.340000 1.600000 4073.000000 0.191000
VI 
| Average rew | +- | SO abundance | +- | Aba density | +- | Aba100mm | +- 
2325.158 286.056 3257.404 638.526  0.670  0.113  0.162  0.026
2705.908 367.510 3208.943 650.931  0.826  0.099  0.208  0.024
1549.870 293.403 2942.964 533.383  0.353  0.137  0.078  0.032
2175.496 284.031 3196.640 650.910  0.602  0.135  0.144  0.034
2859.986 415.935 3208.832 667.767  0.900  0.112  0.230  0.029
2576.223 368.152 3261.549 623.036  0.788  0.109  0.196  0.029
1894.030 259.778 3197.501 662.975  0.502  0.120  0.116  0.029
896.535 171.608 2460.981 434.991  0.166  0.080  0.035  0.018