0 3.340000 1.600000 4073.000000 0.191000
Expert3 
| Average rew | +- | SO abundance | +- | Aba density | +- | Aba100mm | +- 
1790.487 213.410 2399.032 317.969  0.650  0.113  0.161  0.027
1850.841 247.689 2409.312 325.894  0.782  0.111  0.198  0.027
1444.292 232.122 2404.011 311.817  0.387  0.135  0.091  0.034
1725.472 214.592 2368.640 332.661  0.596  0.131  0.146  0.032
1864.181 235.233 2350.269 355.304  0.811  0.126  0.210  0.032
1833.312 220.187 2397.747 314.129  0.723  0.122  0.182  0.031
1632.814 212.696 2381.505 330.111  0.514  0.112  0.124  0.027
905.716 187.127 2399.156 316.726  0.170  0.083  0.037  0.018