0 3.340000 1.600000 4073.000000 0.191000
Expert2 
| Average rew | +- | SO abundance | +- | Aba density | +- | Aba100mm | +- 
1523.454 187.294 2253.608 367.763  0.655  0.121  0.162  0.029
1559.523 183.642 2246.038 351.561  0.772  0.110  0.197  0.027
1317.544 183.509 2271.059 351.220  0.432  0.147  0.102  0.036
1476.208 193.918 2258.705 341.518  0.617  0.126  0.152  0.032
1555.426 204.414 2266.878 349.235  0.808  0.127  0.207  0.033
1560.331 177.232 2265.865 360.641  0.717  0.117  0.182  0.030
1429.805 172.879 2263.712 355.929  0.538  0.119  0.129  0.029
919.034 172.127 2240.217 360.113  0.206  0.088  0.045  0.019